0 0.71796875 0.5375 0.2875 0.25625
0 0.3625 0.71328125 0.290625 0.3375
0 0.23359375 0.52890625 0.2359375 0.209375
0 0.05078125 0.56171875 0.1015625 0.1765625
0 0.3796875 0.36328125 0.21875 0.1828125
0 0.51953125 0.2890625 0.1859375 0.125
0 0.44453125 0.115625 0.1640625 0.11875
0 0.259375 0.1734375 0.1375 0.090625
0 0.05546875 0.16484375 0.1109375 0.1109375
0 0.840625 0.15625 0.1375 0.109375
0 0.709375 0.3359375 0.1734375 0.121875
0 0.71171875 0.18671875 0.1140625 0.13125
0 0.584375 0.221875 0.125 0.134375
0 0.834375 0.23046875 0.140625 0.121875
0 0.23984375 0.321875 0.1453125 0.1515625
0 0.325 0.23359375 0.1375 0.115625