0 0.72109375 0.49921875 0.3234375 0.2984375
0 0.4015625 0.73359375 0.3390625 0.378125
0 0.24296875 0.57421875 0.265625 0.24375
0 0.06796875 0.63984375 0.13125 0.1890625
0 0.3578125 0.3859375 0.24375 0.2140625
0 0.4828125 0.2890625 0.2015625 0.153125
0 0.37890625 0.13125 0.1796875 0.14375
0 0.20625 0.21953125 0.1484375 0.1109375
0 0.03359375 0.2484375 0.0671875 0.13125
0 0.775 0.10234375 0.153125 0.1296875
0 0.678125 0.3015625 0.1890625 0.146875
0 0.6546875 0.1546875 0.1328125 0.146875
0 0.534375 0.21171875 0.14375 0.1515625
0 0.78203125 0.1765625 0.1578125 0.14375
0 0.2125 0.36953125 0.1671875 0.171875
0 0.28125 0.26796875 0.153125 0.1359375