0 0.225 0.72734375 0.1453125 0.178125
0 0.81171875 0.64140625 0.1125 0.14375
0 0.8734375 0.1390625 0.0890625 0.14375
0 0.6203125 0.5171875 0.0921875 0.16875
0 0.496875 0.6140625 0.1203125 0.1546875
0 0.1203125 0.20625 0.1265625 0.1171875
0 0.0640625 0.5875 0.1203125 0.171875
0 0.27421875 0.20078125 0.1375 0.20625
0 0.53046875 0.26953125 0.1296875 0.3
0 0.9109375 0.3984375 0.0828125 0.1078125
0 0.73125 0.12421875 0.1078125 0.1171875
0 0.62421875 0.04296875 0.08125 0.0828125
0 0.40703125 0.0625 0.0890625 0.125
0 0.3890625 0.73125 0.109375 0.1359375
0 0.3328125 0.55859375 0.1234375 0.1625