0 0.7671875 0.73671875 0.1453125 0.178125
0 0.18359375 0.63046875 0.1125 0.14375
0 0.1390625 0.1265625 0.0890625 0.14375
0 0.3796875 0.5125 0.0921875 0.16875
0 0.4984375 0.6140625 0.1203125 0.1546875
0 0.8890625 0.2203125 0.1265625 0.1171875
0 0.9328125 0.603125 0.1203125 0.171875
0 0.73671875 0.20859375 0.1375 0.20625
0 0.47734375 0.26796875 0.1296875 0.3
0 0.09296875 0.384375 0.0828125 0.1078125
0 0.28203125 0.11640625 0.1078125 0.1171875
0 0.390625 0.03984375 0.08125 0.0796875
0 0.60859375 0.06484375 0.0890625 0.1265625
0 0.603125 0.734375 0.109375 0.1359375
0 0.665625 0.56484375 0.1234375 0.1625