0 0.30234375 0.6 0.3265625 0.3015625
0 0.69375 0.66328125 0.34375 0.38125
0 0.7625 0.45 0.2671875 0.246875
0 0.940625 0.42734375 0.11875 0.1890625
0 0.575 0.33359375 0.2453125 0.2171875
0 0.41953125 0.30390625 0.203125 0.15625
0 0.440625 0.11640625 0.18125 0.1453125
0 0.63515625 0.1171875 0.1484375 0.1125
0 0.83671875 0.05625 0.1484375 0.1125
0 0.075 0.2703125 0.15 0.13125
0 0.2515625 0.40390625 0.190625 0.15
0 0.20546875 0.2625 0.134375 0.1484375
0 0.33828125 0.25859375 0.1453125 0.153125
0 0.1015625 0.33984375 0.159375 0.1453125
0 0.696875 0.25390625 0.16875 0.1734375
0 0.58984375 0.19453125 0.153125 0.1375