0 0.24140625 0.74609375 0.1515625 0.1828125
0 0.82109375 0.61953125 0.1171875 0.146875
0 0.84765625 0.1140625 0.09375 0.146875
0 0.62109375 0.50859375 0.0984375 0.171875
0 0.50546875 0.6140625 0.125 0.1578125
0 0.10078125 0.23359375 0.1296875 0.121875
0 0.07109375 0.61796875 0.1265625 0.175
0 0.25390625 0.2171875 0.14375 0.2109375
0 0.5140625 0.26796875 0.140625 0.3046875
0 0.903125 0.3703125 0.0859375 0.1109375
0 0.7046875 0.109375 0.1109375 0.1203125
0 0.5921875 0.0390625 0.084375 0.078125
0 0.3765625 0.06953125 0.09375 0.1296875
0 0.40546875 0.73828125 0.1140625 0.1390625
0 0.33671875 0.5703125 0.128125 0.1671875