0 0.09140625 0.82109375 0.14453125 0.25703125
0 0.2234375 0.896875 0.103125 0.178125
0 0.2359375 0.6390625 0.10078125 0.209375
0 0.3703125 0.66953125 0.103125 0.19921875
0 0.3640625 0.85703125 0.1203125 0.2546875
0 0.4890625 0.88671875 0.10078125 0.2140625
0 0.65 0.8859375 0.11796875 0.228125
0 0.80390625 0.86328125 0.115625 0.2328125
0 0.94453125 0.865625 0.1109375 0.2453125
0 0.11171875 0.66328125 0.1109375 0.196875
0 0.45078125 0.578125 0.09140625 0.1921875
0 0.57109375 0.5953125 0.1109375 0.18515625
0 0.6921875 0.66015625 0.1109375 0.18515625
0 0.8578125 0.6703125 0.10078125 0.1875
0 0.78125 0.68984375 0.08671875 0.15390625
0 0.49609375 0.68046875 0.103125 0.115625